timestamp,temp,hum,lux
1763829737,27.42,43.91,12.5
1763829747,27.45,43.9,15.0
1763829757,27.47,43.96,19.17
1763829767,27.5,43.85,13.33
1763829777,27.52,44.0,22.5
1763829787,27.53,44.06,22.5
1763829797,27.55,43.87,16.67
1763829807,27.55,43.7,22.5
1763829817,27.57,43.67,21.67
1763829827,27.58,43.6,22.5
1763829837,27.6,43.94,21.67
1763829847,27.64,43.84,19.17
1763829857,27.64,43.75,14.17
1763829867,27.64,43.77,15.0
1763829877,27.65,43.92,11.67
1763829887,27.65,43.78,15.0
1763829897,27.65,43.59,15.0
1763829907,27.65,43.76,14.17
1763829917,27.65,43.71,15.0
1763829927,27.67,43.74,20.0
1763829937,27.69,43.87,21.67
1763829947,27.72,43.91,19.17
1763829957,27.75,43.93,19.17
1763829967,27.74,43.71,16.67
1763829977,27.74,43.63,16.67
1763829987,27.75,43.74,20.0
1763829997,27.75,43.5,20.0
1763830007,27.76,43.47,20.83
1763830017,27.75,43.65,20.83
1763830027,27.77,44.16,20.0
1763830037,27.75,43.57,20.0
1763830047,27.75,43.31,20.83
1763830057,27.76,43.49,20.83
1763830067,27.79,45.24,21.67
1763830077,27.79,44.24,20.0
1763830087,27.79,43.71,26.67
1763830097,27.82,43.71,26.67
1763830107,27.81,43.41,14.17
1763830117,27.81,43.65,13.33
1763830127,27.8,43.44,13.33
1763830137,27.79,43.84,53.33
1763830147,27.81,43.95,52.5
1763830160,27.81,43.41,52.5
1763830167,27.81,43.22,52.5
1763830177,27.83,43.15,52.5
1763830188,27.85,43.33,46.67
1763830197,27.87,43.33,45.83
1763830207,27.86,43.32,45.83
1763830217,27.87,43.17,45.0
1763830227,27.86,43.23,40.0
1763830237,27.89,43.18,36.67
1763830247,27.93,43.51,36.67
1763830257,27.96,43.51,36.67
1763830267,27.95,43.54,35.83
1763830277,27.95,43.48,37.5
1763830287,27.98,43.81,38.33
1763830297,27.96,43.48,40.83
1763830308,27.97,43.64,40.83
1763830318,28.0,44.21,76.67
1763830327,28.03,43.54,67.5
1763830340,28.03,43.66,70.83
1763830348,28.03,43.58,66.67
1763830357,28.05,43.54,66.67
1763830368,28.04,43.72,67.5
1763830378,28.04,43.54,67.5
1763830387,28.05,43.25,73.33
1763830398,28.04,43.22,72.5
1763830408,28.08,43.55,85.83
1763830417,28.13,43.42,80.0
1763830428,28.16,44.01,85.83
1763830437,28.17,43.35,73.33
1763830447,28.18,43.86,90.0
1763830458,28.2,43.35,88.33
1763830467,28.19,42.84,85.0
1763830477,28.18,42.81,75.0
1763830487,28.14,43.06,72.5
1763830497,28.16,43.02,69.17
1763830507,28.14,42.9,69.17
1763830518,28.16,42.87,68.33
1763830527,28.15,42.79,68.33
1763830537,28.14,42.71,68.33
1763830548,28.15,42.67,69.17
1763830557,28.15,42.61,68.33
1763830567,28.14,42.65,73.33
1763830577,28.15,42.92,68.33
1763830587,28.18,42.86,68.33
1763830597,28.18,43.03,67.5
1763830637,28.17,42.77,66.67
1763830647,28.19,42.76,65.0
1763830657,28.19,42.66,60.83
1763830667,28.23,43.57,65.83
1763830678,28.23,43.19,66.67
1763830687,28.26,42.92,66.67
1763830697,28.26,42.69,66.67
1763830707,28.27,42.67,66.67
1763830717,28.26,42.63,66.67
1763830727,28.26,42.58,66.67
1763830737,28.25,42.54,66.67
1763830747,28.25,42.52,66.67
1763830757,28.27,42.51,66.67
1763830768,28.24,42.49,66.67
1763830778,28.23,42.6,68.33
1763830788,28.21,42.56,67.5
