timestamp,temp,hum,lux
1763830798,28.23,42.71,67.5
1763830808,28.25,42.61,67.5
1763830818,28.26,42.73,67.5
1763830828,28.31,43.57,86.67
1763830838,28.31,43.07,85.83
1763830848,28.33,43.13,83.33
1763830858,28.37,44.05,87.5
1763830868,28.35,42.76,68.33
1763830878,28.33,42.65,64.17
1763830888,28.33,42.62,65.0
1763830898,28.35,42.68,64.17
1763830908,28.37,42.56,64.17
1763830918,28.37,42.57,81.67
1763830928,28.38,42.76,70.0
1763830938,28.35,42.51,67.5
1763830948,28.35,42.52,70.0
1763830958,28.35,43.26,80.0
1763830968,28.37,43.06,63.33
1763830978,28.36,42.45,69.17
1763830988,28.39,42.89,76.67
1763830998,28.35,42.64,61.67
1763831008,28.35,42.74,63.33
1763831018,28.36,43.15,69.17
1763831028,28.36,42.94,62.5
1763831038,28.36,42.81,69.17
1763831048,28.39,43.18,64.17
1763831058,28.39,42.62,63.33
1763831068,28.36,42.44,60.83
1763831078,28.37,42.35,60.0
1763831088,28.37,43.03,62.5
1763831098,28.38,43.08,65.0
1763831108,28.37,42.81,60.0
1763831118,28.37,42.5,60.83
1763831128,28.38,42.78,62.5
1763831138,28.37,42.55,77.5
1763831148,28.43,42.67,79.17
1763831158,28.45,42.5,80.0
1763831168,28.45,42.4,79.17
1763832680,28.32,43.08,30.83
1763832690,28.33,43.03,30.83
1763832700,28.33,43.96,31.67
1763832710,28.32,44.21,31.67
1763832720,28.33,43.89,30.83
1763832732,28.35,44.3,30.83
1763832740,28.36,43.72,31.67
1763832753,28.35,43.18,30.83
1763832760,28.33,43.16,31.67
1763832770,28.34,44.44,31.67
1763832780,28.31,43.19,30.83
1763832791,28.33,44.07,41.67
1763832801,28.27,43.01,40.0
1763832811,28.28,43.98,40.0
1763832821,28.3,43.75,39.17
1763832831,28.32,45.37,40.0
1763832841,28.33,44.17,40.0
1763832851,28.34,43.49,40.0
1763832861,31.28,62.93,40.0
1763832874,29.96,50.03,39.17
1763832881,29.47,44.24,39.17
1763832891,29.18,43.38,39.17
1763832901,28.98,44.03,39.17
1763832911,28.84,43.59,41.67
1763832921,28.73,43.17,40.0
1763832931,28.68,43.21,40.0
1763832941,28.63,43.06,40.0
1763832951,28.62,43.25,40.0
1763832961,28.57,43.11,40.0
1763832971,28.56,43.18,40.0
1763832981,28.54,43.63,41.67
1763832991,28.52,43.06,41.67
1763833001,28.51,42.9,41.67
1763833011,28.49,42.57,38.33
1763833021,28.46,42.67,38.33
1763833034,28.47,43.67,38.33
1763833041,28.49,43.47,35.83
1763833051,28.49,43.09,34.17
1763833061,28.49,43.03,35.83
1763833071,28.5,43.18,38.33
1763833081,28.51,43.17,35.83
1763833092,28.52,43.27,36.67
1763833102,28.53,43.9,36.67
1763833112,28.49,42.92,36.67
1763833122,28.51,42.96,38.33
1763833132,28.49,43.15,38.33
1763833142,28.48,44.03,40.0
1763833152,28.5,44.14,36.67
1763833162,28.51,43.68,40.0
1763833172,28.56,44.99,29.17
1763833182,28.6,45.11,30.0
1763833192,28.62,45.51,30.83
1763833202,28.63,45.75,39.17
1763833212,28.64,44.81,40.0
1763833222,28.64,45.18,39.17
1763833232,28.64,43.97,40.0
1763833242,28.65,44.75,40.0
1763833252,28.66,44.29,39.17
1763833262,28.67,43.51,39.17
1763833272,28.68,43.94,40.0
1763833282,28.7,43.39,40.0
1763833292,28.69,42.89,40.0
1763833302,28.66,42.88,37.5
1763833312,28.67,42.71,43.33
1763833322,28.62,42.83,41.67
1763833332,28.61,42.73,41.67
1763833342,28.61,42.54,42.5
1763833352,28.61,42.99,44.17
1763833362,28.58,43.25,10.0
1763833372,28.61,43.22,37.5
1763833382,28.62,43.1,36.67
1763833392,28.6,43.48,37.5
1763833402,28.59,42.98,34.17
1763833412,28.6,43.02,35.83
1763833422,28.59,42.79,41.67
1763833432,28.59,43.22,35.83
1763833442,28.59,42.82,35.83
1763833452,28.55,42.7,35.83
1763833932,28.44,43.09,31.67
1763833943,28.46,43.03,34.17
1763833953,28.46,43.02,34.17
1763833962,28.45,42.98,35.0
1763833972,28.46,42.82,35.83
1763833982,28.46,42.81,35.0
1763833992,28.46,42.88,30.83
1763834005,28.46,42.96,30.83
1763834012,28.45,42.67,35.0
1763834023,28.45,42.77,35.0
1763834032,28.43,42.73,35.0
1763834046,28.44,42.89,35.0
1763834052,28.43,43.06,35.0
1763834062,28.44,43.03,35.0
1763834072,28.44,43.17,35.0
1763834083,28.45,43.16,35.0
1763834093,28.44,43.02,35.0
1763834103,28.43,42.92,35.0
1763834113,28.44,42.91,35.0
1763834123,28.44,42.99,35.0
1763834133,28.46,43.11,20.0
1763834146,28.47,43.39,35.0
1763834153,28.46,42.98,35.0
1763834163,28.43,43.36,35.0
1763834173,28.45,43.35,35.0
1763834183,28.43,42.98,28.33
1763834193,28.43,43.42,35.0
1763834203,28.43,42.97,35.0
1763834213,28.4,42.9,35.0
1763834223,28.42,42.93,35.0
1763834233,28.41,43.19,35.0
1763834243,28.4,42.97,35.83
1763834253,28.55,47.28,37.5
1763834263,28.49,43.26,35.0
1763834276,28.46,42.87,43.33
1763834283,28.44,42.77,42.5
1763834293,28.44,42.89,42.5
1763834303,28.42,43.2,43.33
1763834313,28.41,42.79,35.0
1763834324,28.41,43.04,35.83
1763834333,28.41,42.9,35.0
1763834343,28.41,43.19,40.0
1763834353,28.43,44.04,40.83
1763834363,28.44,44.74,43.33
1763834373,28.44,43.54,43.33
1763834384,28.48,45.43,32.5
1763834393,28.47,44.2,40.0
1763834403,28.47,43.76,41.67
1763834413,28.48,43.53,41.67
1763834423,28.5,43.32,36.67
1763834434,28.49,42.96,36.67
1763834443,28.48,43.01,40.0
1763834454,28.53,45.57,39.17
1763834463,28.55,46.83,37.5
1763834473,28.58,45.84,36.67
1763834483,28.6,45.83,35.83
1763834494,28.6,44.56,43.33
1763835604,28.97,41.76,40.83
1763835614,28.97,41.83,38.33
1763835624,28.96,41.83,37.5
1763835634,28.97,41.85,36.67
1763835644,28.97,41.85,39.17
1763835654,28.97,41.82,40.0
1763835664,28.98,41.81,36.67
1763835674,28.95,41.78,40.83
1763835684,28.97,41.74,40.83
1763835694,28.97,41.76,40.83
1763835704,28.97,41.77,40.83
1763835714,28.97,41.79,40.0
1763835724,28.98,41.78,40.83
1763835734,28.98,41.72,40.83
1763835744,28.97,42.22,40.0
1763835754,28.98,41.93,40.0
1763835764,28.99,41.82,40.83
1763835774,28.99,41.77,40.83
1763835784,28.99,41.71,40.0
1763835794,28.99,41.7,40.0
1763835804,28.99,41.71,40.0
1763835814,28.99,41.7,40.0
1763835824,29.0,41.66,40.0
1763835836,29.0,41.7,40.0
1763835844,29.02,41.71,40.0
1763835854,29.01,42.68,40.0
1763835864,29.01,42.42,40.0
1763835874,29.01,42.14,40.0
1763835884,29.02,41.8,39.17
1763835894,29.03,41.72,37.5
1763835904,29.02,42.25,40.83
1763835916,29.04,41.48,40.83
1763835924,29.04,41.89,37.5
1763835934,29.06,41.79,37.5
1763835944,29.06,41.98,37.5
1763835954,29.04,42.02,40.83
1763835964,29.05,41.85,40.83
1763835974,29.06,42.09,40.83
1763835984,29.07,42.36,40.83
1763835994,29.06,42.06,40.83
1763836004,29.07,42.18,36.67
1763836014,29.08,42.01,36.67
1763836024,29.08,41.79,36.67
1763836034,29.09,41.75,36.67
1763836044,29.09,41.84,35.83
1763836054,29.1,41.77,36.67
1763836064,29.11,41.75,36.67
1763836074,29.1,41.98,36.67
1763836084,29.1,42.03,36.67
1763836094,29.1,41.82,36.67
1763836104,29.11,41.69,36.67
1763836114,29.11,41.68,40.0
1763836124,29.12,41.66,39.17
1763836134,29.11,41.68,39.17
1763836144,29.1,41.63,39.17
1763836154,29.1,42.73,38.33
1763836164,29.1,42.59,40.0
1763836174,29.09,42.57,40.83
1763836184,29.08,42.3,41.67
1763836196,29.07,42.27,41.67
1763836204,29.08,42.12,41.67
1763836214,29.08,42.2,41.67
1763836224,29.07,42.14,41.67
1763836234,29.07,42.08,41.67
1763836244,29.04,42.42,41.67
1763836254,29.04,41.93,41.67
1763836264,29.04,42.05,40.83
1763836274,29.01,42.35,40.83
1763836284,29.02,42.41,40.83
1763836294,29.01,42.24,40.83
1763836304,29.01,41.86,40.83
1763836314,29.0,41.75,40.83
1763836324,28.99,42.35,39.17
1763836334,29.01,42.61,43.33
1763836344,29.01,42.19,41.67
1763836354,29.02,41.92,40.83
1763836364,28.98,41.92,40.83
1763836374,28.97,41.97,42.5
1763836384,28.98,41.86,42.5
1763836394,28.98,41.78,40.0
1763836404,28.97,41.45,45.0
1763836414,28.95,41.8,45.0
1763836424,28.96,41.85,45.0
1763836434,28.98,42.13,45.0
1763836444,28.96,41.87,45.0
1763836456,28.95,41.87,45.0
1763836464,28.96,41.78,45.0
1763836474,28.98,42.12,43.33
1763836484,28.98,42.21,45.0
1763836494,28.99,42.22,42.5
1763836504,29.0,42.17,43.33
1763836514,29.0,42.7,41.67
1763836524,28.99,42.29,41.67
1763836534,28.98,42.3,44.17
1763836544,28.98,41.98,44.17
1763836554,28.97,42.0,44.17
1763836564,28.97,41.76,44.17
1763836574,28.96,42.0,43.33
1763836584,28.96,41.83,44.17
1763836594,28.95,41.69,44.17
1763836604,28.96,41.84,45.0
1763836614,29.0,42.02,43.33
1763836624,29.0,42.05,43.33
1763836634,29.02,42.03,45.0
1763836647,29.0,41.84,45.0
1763836654,28.99,41.76,45.0
1763836664,28.97,41.97,45.0
1763836674,28.97,42.13,45.0
1763836684,28.98,42.25,44.17
1763836694,28.99,42.34,41.67
1763836704,29.0,42.5,44.17
1763836714,28.97,41.91,43.33
1763836727,28.99,42.03,43.33
1763836734,28.99,42.27,43.33
1763836744,29.01,42.21,43.33
1763836754,28.99,41.86,43.33
1763836764,29.0,41.88,43.33
1763836774,29.01,42.6,43.33
1763836784,29.02,42.33,45.0
1763836794,29.03,41.72,41.67
1763836804,29.02,42.05,43.33
1763836814,29.06,42.42,44.17
1763836824,29.07,42.25,45.0
1763836835,29.09,42.24,43.33
1763836844,29.1,42.04,43.33
1763836854,29.08,41.83,43.33
1763836867,29.08,41.8,43.33
1763836874,29.07,41.8,44.17
1763836884,29.06,41.91,44.17
1763836894,29.07,41.64,45.0
1763836904,29.05,41.79,44.17
1763836914,29.05,41.66,45.0
1763836924,29.05,41.72,44.17
1763836934,29.06,41.56,44.17
1763836944,29.07,41.87,44.17
1763836954,29.03,41.65,44.17
1763836964,29.07,41.79,45.0
1763836977,29.08,41.7,44.17
1763836984,29.08,41.78,44.17
1763836994,29.09,41.57,45.0
1763837004,29.09,41.46,45.0
1763837014,29.06,41.55,44.17
1763837024,29.07,41.62,44.17
1763837034,29.09,41.39,44.17
1763837044,29.07,41.85,45.0
1763837054,29.08,41.8,43.33
1763837064,29.08,41.83,43.33
1763837074,29.09,41.7,45.0
1763837084,29.11,42.32,43.33
1763837094,29.1,41.53,43.33
1763837104,29.08,41.76,43.33
1763837114,29.09,41.54,43.33
1763837124,29.08,41.55,43.33
1763837134,29.1,41.68,43.33
1763837144,29.07,41.79,43.33
1763837154,29.09,41.76,43.33
1763837164,29.08,41.68,43.33
1763837174,29.09,41.46,41.67
1763837184,29.08,41.49,41.67
1763837194,29.08,41.49,42.5
1763837204,29.07,41.37,42.5
1763837214,29.08,41.36,42.5
1763837224,29.07,41.42,42.5
1763837234,29.07,41.35,42.5
1763837244,29.08,41.43,43.33
1763837254,29.06,41.33,43.33
1763837264,29.06,41.59,43.33
1763837274,29.06,41.34,43.33
1763837284,29.06,41.29,44.17
1763837294,29.06,41.47,44.17
1763837304,29.07,41.36,44.17
1763837314,29.08,41.4,43.33
1763837324,29.09,41.35,43.33
1763837334,29.12,41.82,43.33
1763837344,29.13,42.07,41.67
1763837354,29.14,42.31,43.33
1763837364,29.17,41.43,43.33
1763837374,29.19,41.25,43.33
1763837384,29.2,41.14,43.33
1763837394,29.18,41.38,43.33
1763837404,29.17,41.5,43.33
1763837414,29.16,41.63,43.33
1763837424,29.18,41.64,43.33
1763837434,29.2,41.31,42.5
1763837444,29.21,41.2,43.33
1763837454,29.24,41.19,42.5
1763837464,29.25,41.04,42.5
1763837474,29.27,40.95,42.5
1763837484,29.28,40.93,43.33
1763837494,29.29,40.92,42.5
1763837504,29.3,40.91,42.5
1763837514,29.31,40.92,43.33
1763837524,29.32,40.91,43.33
1763837534,29.32,41.59,43.33
1763837544,29.33,41.13,43.33
1763837554,29.34,40.92,43.33
1763837564,29.34,40.89,43.33
1763837574,29.35,40.96,43.33
1763837584,29.36,41.03,44.17
1763837594,29.36,41.35,44.17
1763837604,29.36,40.75,43.33
1763837614,29.36,40.87,44.17
1763837624,29.37,40.82,42.5
1763837634,29.38,40.79,43.33
1763837644,29.38,40.79,43.33
1763837654,29.38,40.83,43.33
1763837664,29.38,41.97,43.33
1763837674,29.39,41.76,43.33
1763837684,29.39,41.26,43.33
1763837694,29.38,41.03,41.67
1763837704,29.34,40.99,43.33
1763837714,29.35,40.95,43.33
1763837724,29.36,40.88,43.33
1763837734,29.36,40.84,43.33
1763837744,29.35,41.09,42.5
1763837754,29.33,41.0,42.5
1763837764,29.32,40.93,42.5
1763837774,29.3,40.91,42.5
1763837784,29.26,40.87,42.5
1763837795,29.21,40.83,43.33
1763837804,29.18,40.88,43.33
1763837814,29.1,40.87,43.33
1763837824,29.03,40.86,43.33
1763837834,29.02,40.9,42.5
1763837844,29.03,40.77,42.5
1763837854,29.0,40.77,42.5
1763837864,29.01,40.72,42.5
1763837874,28.98,40.59,42.5
1763837884,28.91,40.51,42.5
1763837894,28.88,40.54,42.5
1763837904,28.89,40.52,42.5
1763837914,28.87,40.56,42.5
1763837924,28.88,40.48,42.5
1763837934,28.81,40.29,42.5
1763837944,28.76,40.42,42.5
1763837954,28.75,40.44,42.5
1763837965,28.72,40.46,42.5
1763837975,28.69,40.38,42.5
1763837985,28.65,40.43,42.5
1763837994,28.62,40.47,42.5
1763838004,28.6,40.44,42.5
1763838015,28.61,40.49,42.5
1763838024,28.6,40.51,42.5
1763838035,28.61,40.46,43.33
1763838044,28.6,40.43,42.5
1763838054,28.6,40.42,42.5
1763838065,28.6,40.41,42.5
1763838075,28.54,40.42,43.33
1763838085,28.5,40.43,42.5
1763838095,28.49,40.55,42.5
1763838105,28.43,40.37,42.5
1763838115,28.41,43.09,42.5
1763838125,28.39,40.82,27.5
1763838134,28.37,40.47,27.5
1763838144,28.39,40.32,26.67
1763838155,28.37,40.2,26.67
1763838165,28.38,40.19,26.67
1763838174,28.37,40.14,26.67
1763838185,28.31,40.15,26.67
1763838194,28.29,40.22,26.67
1763838204,28.29,40.22,26.67
1763838214,28.29,40.17,26.67
1763838225,28.22,40.31,26.67
1763838235,28.17,40.38,26.67
1763838244,28.17,40.4,26.67
1763838255,28.15,40.37,26.67
1763838264,28.17,40.36,26.67
1763838275,28.12,40.36,26.67
1763838285,28.09,40.38,26.67
1763838295,28.1,40.41,26.67
1763838305,28.09,40.53,26.67
1763838315,28.06,40.4,26.67
1763838327,28.06,40.43,26.67
1763838335,28.05,40.5,26.67
1763838345,28.04,40.41,26.67
1763838354,28.02,40.47,26.67
1763838365,27.98,40.5,27.5
1763838375,27.99,40.5,27.5
1763838385,27.95,40.52,26.67
1763838395,27.92,40.53,27.5
1763838405,27.89,40.56,27.5
1763838415,27.88,40.56,27.5
1763838425,27.9,40.56,27.5
1763838435,27.85,40.57,27.5
1763838445,27.82,40.57,27.5
1763838455,27.81,40.51,27.5
1763838465,27.82,40.39,27.5
1763838475,27.81,40.47,27.5
1763838485,27.81,40.42,27.5
1763838495,27.82,40.42,27.5
1763838505,27.79,40.54,27.5
1763838515,27.79,40.48,27.5
1763838525,27.75,40.47,27.5
1763838535,27.75,40.69,27.5
1763838545,27.78,40.51,27.5
1763838555,27.75,40.5,27.5
1763838565,27.78,40.47,27.5
1763838575,27.78,40.48,27.5
1763838585,27.75,40.49,27.5
1763838595,27.74,40.49,27.5
1763838605,27.72,40.51,27.5
1763838615,27.71,40.55,27.5
1763838625,27.71,40.49,27.5
1763838635,27.71,40.48,27.5
1763838645,27.67,40.5,27.5
1763838655,27.66,40.62,25.83
1763838665,27.63,41.06,27.5
1763838675,27.65,40.75,27.5
1763838685,27.61,40.62,27.5
1763838695,27.62,40.62,27.5
1763838705,27.63,40.7,26.67
1763838715,27.59,40.64,26.67
1763838725,27.55,40.65,26.67
1763838735,27.56,40.66,27.5
1763838745,27.55,40.66,27.5
1763838755,27.55,40.59,27.5
1763838765,27.51,40.63,27.5
1763838775,27.53,40.73,27.5
1763838785,27.53,40.67,27.5
1763838795,27.52,40.6,27.5
1763838805,27.49,40.57,27.5
1763838815,27.47,40.63,27.5
1763838825,27.43,40.88,27.5
1763838835,27.42,40.63,26.67
1763838845,27.42,40.66,27.5
1763838855,27.45,40.56,26.67
1763838865,27.45,40.61,26.67
1763838875,27.46,40.59,27.5
1763838885,27.45,40.57,27.5
1763838895,27.49,40.63,27.5
1763838905,27.47,40.51,27.5
1763838915,27.44,40.7,27.5
1763838925,27.44,40.61,27.5
1763838935,27.44,40.6,27.5
1763838945,27.46,40.58,27.5
1763838955,27.48,40.54,27.5
1763838965,27.45,40.57,27.5
1763838975,27.44,40.57,27.5
1763838985,27.44,40.63,27.5
1763838995,27.43,40.71,27.5
1763839005,27.44,40.6,26.67
1763839015,27.45,40.56,26.67
1763839025,27.44,40.57,26.67
1763839035,27.42,40.54,26.67
1763839045,27.4,40.55,26.67
1763839055,27.41,40.5,26.67
1763839065,27.39,40.47,27.5
1763839075,27.4,40.5,27.5
1763839085,27.42,40.68,27.5
1763839095,27.41,40.51,27.5
1763839105,27.41,40.44,27.5
1763839115,27.38,40.54,27.5
1763839125,27.38,40.5,27.5
1763839135,27.4,40.48,27.5
1763839145,27.35,40.63,27.5
1763839155,27.34,40.85,27.5
1763839165,27.33,40.68,27.5
1763839175,27.34,40.57,27.5
1763839185,27.35,40.57,27.5
1763839195,27.33,40.56,27.5
1763839205,27.35,40.52,27.5
1763839215,27.32,40.6,27.5
1763839225,27.29,40.55,27.5
1763839235,27.3,40.66,27.5
1763839245,27.3,40.61,27.5
1763839257,27.29,40.63,27.5
1763839266,27.31,40.63,27.5
1763839276,27.3,40.62,27.5
1763839287,27.28,40.71,27.5
1763839296,27.29,40.63,27.5
1763839306,27.3,40.54,27.5
1763839317,27.28,40.55,27.5
1763839326,27.23,40.64,27.5
1763839336,27.24,40.62,27.5
1763839347,27.22,40.63,27.5
1763839356,27.25,40.59,27.5
1763839366,27.21,40.58,27.5
1763839377,27.2,40.64,27.5
1763839386,27.21,40.52,27.5
1763839396,27.21,40.44,27.5
1763839407,27.19,40.58,27.5
1763839416,27.19,40.61,27.5
1763839426,27.18,40.59,27.5
1763839436,27.18,40.63,27.5
1763839446,27.19,40.57,27.5
1763839456,27.21,40.58,27.5
1763839466,27.2,40.58,27.5
1763839476,27.21,40.56,27.5
1763839486,27.22,40.36,27.5
1763839497,27.22,40.59,27.5
1763839506,27.26,40.57,27.5
1763839516,27.23,40.64,27.5
1763839527,27.21,40.67,27.5
1763839536,27.2,40.57,27.5
1763839546,27.16,40.59,27.5
1763839557,27.2,40.6,27.5
1763839566,27.16,40.63,27.5
1763839576,27.16,40.68,27.5
1763839587,27.18,40.64,27.5
1763839596,27.2,40.7,27.5
1763839607,27.22,40.64,27.5
1763839617,27.24,40.69,27.5
1763839627,27.25,40.53,27.5
1763839637,27.24,40.72,27.5
1763839647,27.24,40.68,27.5
1763839657,27.23,40.87,27.5
1763839667,27.23,40.69,27.5
1763839677,27.26,40.55,27.5
1763839687,27.25,40.62,27.5
1763839697,27.23,40.55,27.5
1763839707,27.27,40.55,27.5
1763839717,27.29,40.54,27.5
1763839727,27.26,40.67,27.5
1763839740,27.29,40.73,27.5
1763839747,27.25,40.5,27.5
1763839757,27.27,40.48,27.5
1763839769,27.25,40.5,27.5
1763839778,27.27,40.61,27.5
1763839978,27.4,40.33,27.5
1763839988,27.41,40.17,27.5
1763839998,27.41,40.17,27.5
1763840008,27.41,40.17,27.5
1763840018,27.41,40.09,27.5
1763840028,27.4,40.2,27.5
1763840038,27.39,40.15,27.5
1763840048,27.38,40.16,27.5
1763840060,27.4,40.1,27.5
1763840069,27.4,40.06,27.5
1763840080,27.39,40.15,27.5
1763840090,27.4,40.07,27.5
1763840100,27.41,40.15,27.5
1763840109,27.41,40.07,27.5
1763840122,27.4,40.13,27.5
1763840129,27.39,40.22,27.5
1763840139,27.41,40.16,27.5
1763840149,27.4,40.28,27.5
1763840159,27.39,40.3,27.5
1763840171,27.4,40.2,27.5
1763840180,27.39,40.24,27.5
1763840189,27.4,40.15,27.5
1763840199,27.4,40.46,27.5
1763840209,27.39,40.23,27.5
1763840219,27.4,40.16,27.5
1763840229,27.4,40.06,27.5
1763840240,27.38,40.12,27.5
1763840250,27.37,40.11,27.5
1763840261,27.38,40.17,27.5
1763840272,27.38,40.07,27.5
1763840280,27.39,39.97,27.5
1763840290,27.4,40.14,27.5
1763840300,27.4,40.22,27.5
1763840310,27.41,39.99,27.5
1763840320,27.41,40.03,27.5
1763840330,27.42,40.06,27.5
1763840340,27.42,40.15,27.5
1763840350,27.43,40.07,27.5
1763840360,27.42,40.0,27.5
1763840370,27.42,40.13,27.5
1763840380,27.42,40.01,27.5
1763840390,27.41,40.01,27.5
1763840400,27.39,40.0,27.5
1763840410,27.37,39.93,27.5
1763840420,27.38,40.0,27.5
1763840430,27.4,40.07,27.5
1763840440,27.4,40.0,26.67
1763840450,27.4,39.86,27.5
1763840460,27.4,39.87,25.83
1763840470,27.39,39.79,26.67
1763840480,27.4,39.93,27.5
1763840490,27.4,39.88,27.5
1763840500,27.41,39.87,27.5
1763840510,27.41,39.86,27.5
1763840520,27.4,39.87,27.5
1763840530,27.39,39.94,27.5
1763840540,27.39,39.93,27.5
1763840550,27.39,39.96,27.5
1763840560,27.41,39.95,27.5
1763840570,27.42,40.19,27.5
1763840580,27.42,39.97,27.5
1763840590,27.42,39.99,27.5
1763840600,27.44,39.88,29.17
1763840610,27.42,39.92,29.17
1763840620,27.44,39.88,29.17
1763840630,27.42,39.84,29.17
1763840640,27.43,39.8,29.17
1763840650,27.44,39.86,29.17
1763840660,27.44,39.91,29.17
1763840670,27.42,39.88,29.17
1763840680,27.41,39.91,29.17
1763840690,27.43,39.79,29.17
1763840700,27.43,39.82,29.17
1763840710,27.44,39.81,29.17
1763840720,27.43,39.79,27.5
1763840730,27.46,39.75,27.5
1763840740,27.47,39.72,27.5
1763840750,27.48,39.77,27.5
1763840760,27.47,39.82,27.5
1763840770,27.48,39.76,27.5
1763840780,27.47,39.74,27.5
1763840790,27.48,39.72,27.5
1763840800,27.48,39.72,27.5
1763840810,27.49,39.78,27.5
1763840820,27.47,39.83,27.5
1763840830,27.47,39.84,27.5
1763840840,27.48,39.8,27.5
1763840850,27.48,39.78,27.5
1763840860,27.47,39.74,27.5
1763840870,27.46,39.72,27.5
1763840880,27.48,39.67,27.5
1763840890,27.47,39.98,27.5
1763840900,27.48,39.78,27.5
1763840910,27.48,39.8,27.5
1763840920,27.48,39.8,27.5
1763840930,27.48,39.83,27.5
1763840940,27.49,39.74,27.5
1763840950,27.49,39.87,27.5
1763840960,27.5,39.85,27.5
1763840970,27.5,39.71,27.5
1763840984,27.46,39.72,27.5
1763840990,27.48,39.89,27.5
1763841000,27.49,39.88,27.5
1763841010,27.46,39.74,27.5
1763841020,27.47,39.75,27.5
1763841030,27.5,39.79,27.5
1763841040,27.5,39.8,27.5
1763841050,27.51,39.67,27.5
1763841060,27.51,39.69,29.17
1763841070,27.49,39.64,29.17
1763841080,27.49,39.81,29.17
1763841090,27.51,39.8,29.17
1763841101,27.51,39.86,29.17
1763841111,27.51,39.85,29.17
1763841121,27.51,39.73,29.17
1763841131,27.51,39.8,29.17
1763841141,27.52,39.76,29.17
1763841151,27.53,39.83,27.5
1763841161,27.52,39.67,27.5
1763841171,27.53,39.71,26.67
1763841181,27.52,39.65,27.5
1763841191,27.53,39.64,26.67
1763841201,27.51,39.66,27.5
1763841211,27.5,39.68,27.5
1763841221,27.51,39.72,27.5
1763841231,27.51,39.7,27.5
1763841241,27.49,39.67,27.5
1763841251,27.49,39.65,27.5
1763841261,27.5,40.01,27.5
1763841271,27.52,40.07,27.5
1763841281,27.52,40.1,27.5
1763841291,27.53,39.96,27.5
1763841301,27.52,39.84,27.5
1763841311,27.52,39.78,27.5
1763841321,27.53,39.73,27.5
1763841331,27.52,40.12,27.5
1763841341,27.54,40.22,27.5
1763841351,27.55,40.09,27.5
1763841361,27.56,39.76,29.17
1763841371,27.56,39.68,29.17
1763841381,27.57,39.67,29.17
1763841394,27.54,39.69,29.17
1763841401,27.55,40.28,29.17
1763841411,27.55,40.72,29.17
1763841421,27.57,39.79,29.17
1763841431,27.55,39.72,29.17
1763841441,27.54,39.86,29.17
1763841451,27.55,39.79,29.17
1763841461,27.56,39.68,29.17
1763841471,27.56,39.7,29.17
1763841481,27.55,39.73,29.17
1763841491,27.56,40.0,29.17
1763841504,27.56,39.71,29.17
1763841511,27.57,39.61,29.17
1763841521,27.58,39.76,29.17
1763841531,27.57,39.69,29.17
1763841541,27.56,39.79,28.33
1763841551,27.59,39.82,28.33
1763841561,27.59,39.7,29.17
1763841571,27.57,39.69,29.17
1763841581,27.57,39.63,28.33
1763841591,27.55,39.64,28.33
1763841601,27.54,39.75,29.17
1763841611,27.55,39.54,29.17
1763841624,27.55,39.7,29.17
1763841631,27.56,39.78,29.17
1763841641,27.55,39.61,29.17
1763841651,27.55,39.6,29.17
1763841661,27.56,39.67,29.17
1763841671,27.56,39.84,27.5
1763841681,27.54,39.71,27.5
1763841691,27.53,39.62,27.5
1763841701,27.51,39.63,27.5
1763841711,27.52,39.88,27.5
1763841721,27.52,39.88,27.5
1763841731,27.52,39.7,27.5
1763841741,27.49,39.7,27.5
1763841751,27.52,39.79,27.5
1763841761,27.52,39.77,29.17
1763841771,27.53,39.73,29.17
1763841781,27.51,39.81,29.17
1763841791,27.51,39.8,29.17
1763841801,27.53,39.77,29.17
1763841811,27.54,39.7,29.17
1763841821,27.53,39.65,29.17
1763841831,27.53,39.62,29.17
1763841841,27.51,39.93,29.17
1763841851,27.53,39.83,29.17
1763841861,27.52,39.69,29.17
1763841872,27.53,39.67,29.17
1763841881,27.52,39.67,29.17
1763841891,27.54,39.73,29.17
1763841901,27.54,39.63,29.17
1763841911,27.55,39.58,29.17
1763841921,27.53,39.67,29.17
1763841931,27.56,39.84,29.17
1763841941,27.51,39.7,29.17
1763841951,27.54,39.69,29.17
1763841962,27.54,39.6,29.17
1763841972,27.55,39.57,29.17
1763841982,27.52,39.56,29.17
1763841992,27.51,39.62,27.5
1763842002,27.49,39.59,27.5
1763842013,27.53,39.62,27.5
1763842027,27.51,39.69,29.17
1763842032,27.51,39.95,27.5
1763842042,27.52,40.01,27.5
1763842052,27.54,39.79,27.5
1763842062,27.53,39.68,27.5
1763842072,27.52,39.54,27.5
1763842082,27.53,39.5,27.5
1763842092,27.51,39.52,27.5
1763842102,27.52,39.5,27.5
1763842112,27.54,39.51,27.5
1763842122,27.53,39.56,27.5
1763842132,27.54,39.51,27.5
1763842142,27.53,39.75,27.5
1763842152,27.51,39.85,27.5
1763842164,27.54,39.76,27.5
1763842175,27.52,39.67,27.5
1763842182,27.5,39.71,27.5
1763842192,27.5,39.63,28.33
1763842202,27.53,39.62,28.33
1763842212,27.53,39.58,29.17
1763842223,27.53,39.58,29.17
1763842232,27.51,39.59,29.17
1763842242,27.51,39.69,29.17
1763842255,27.52,39.61,28.33
1763842262,27.5,39.55,28.33
1763842272,27.52,39.7,29.17
1763842283,27.53,39.71,29.17
1763842295,27.52,39.65,28.33
1763842303,27.51,40.02,33.33
1763842312,27.51,39.58,33.33
1763842326,27.48,39.88,32.5
1763842333,27.48,39.9,30.83
1763842343,27.49,39.63,32.5
1763842354,27.51,39.55,32.5
1763842363,27.49,39.6,32.5
1763842373,27.49,39.59,30.83
1763842384,27.5,39.59,31.67
1763842394,27.5,39.55,32.5
1763842404,27.52,39.58,32.5
1763842414,27.51,39.52,32.5
1763842424,27.53,39.72,2559.17
1763842434,27.56,39.62,1745.0
1763842445,27.56,39.46,30.0
1763842456,27.52,39.5,30.83
1763842464,27.51,39.59,30.83
1763842474,27.51,39.6,30.83
1763842484,27.52,39.63,30.83
1763842494,27.52,39.61,30.83
1763842504,27.51,39.59,30.83
1763842514,27.5,39.66,30.83
1763842524,27.51,39.65,33.33
1763842534,27.52,39.55,33.33
1763842544,27.53,39.55,33.33
1763842554,27.5,39.77,33.33
1763842565,27.47,39.73,33.33
1763842574,27.48,39.56,33.33
1763842584,27.46,39.65,33.33
1763842594,27.46,39.6,32.5
1763842604,27.46,39.61,33.33
1763842620,27.41,39.94,33.33
1763842624,27.43,39.99,32.5
1763842634,27.45,39.63,32.5
1763842644,27.47,39.55,32.5
1763842654,27.47,39.57,32.5
1763842665,27.44,39.85,32.5
1763842674,27.45,39.68,32.5
1763842684,27.46,39.68,32.5
1763842695,27.48,39.66,32.5
1763842704,27.46,39.95,32.5
1763842714,27.47,39.73,33.33
1763842725,27.47,40.19,33.33
1763842734,27.47,39.97,33.33
1763842744,27.47,39.68,33.33
1763843008,27.52,39.58,31.67
1763843008,27.53,39.62,31.67
1763843016,27.56,39.72,31.67
1763843024,27.53,39.64,31.67
1763843227,27.65,39.74,36.67
1763843235,27.62,39.65,36.67
1763843245,27.6,39.99,36.67
1763843255,27.61,39.58,36.67
1763843265,27.62,39.54,36.67
1763843276,27.6,39.52,35.0
1763843285,27.63,39.52,35.83
1763843295,27.63,39.56,35.83
1763843305,27.59,39.52,35.83
1763843315,27.64,39.41,35.0
1763843326,27.64,39.36,35.0
1763843335,27.62,39.31,35.0
1763917842,26.69,36.3,231.67
1763917846,26.73,36.27,223.33
1763917859,26.74,36.14,91.67
1763917867,26.75,35.99,37.5
1763917881,26.75,35.73,44.17
1763917886,26.77,36.38,211.67
1763917899,26.82,38.3,225.83
1763917907,26.85,37.9,189.17
1763917924,26.82,36.59,207.5
1763917934,26.84,36.32,44.17
1763917946,26.86,36.08,35.0
1763917955,26.88,35.9,34.17
1763917965,26.91,35.66,245.0
1763917975,26.93,36.63,227.5
1763917985,26.93,35.89,232.5
1763918155,27.04,35.28,30.0
1763918165,27.05,35.4,30.0
1763918175,27.06,35.5,30.0
1763918185,27.06,36.14,402.5
1763918195,27.07,36.17,503.33
1763918208,27.07,36.15,11.67
1763918216,27.09,35.57,34.17
1763918226,27.1,35.65,18.33
1763918236,27.13,35.34,29.17
1763918246,27.1,35.44,30.0
1763918256,27.11,35.31,29.17
1763918266,27.1,35.33,30.0
1763918276,27.1,35.37,30.0
1763918286,27.1,35.21,30.0
1763918296,27.09,35.32,30.0
1763918306,27.11,35.45,30.0
1763918317,27.12,35.15,30.0
1763918326,27.1,35.28,25.83
1763918336,27.08,35.19,29.17
1763918346,27.09,35.24,29.17
1763918359,27.09,35.16,30.0
1763918366,27.09,35.33,24.17
1763918376,27.08,35.18,29.17
1763918386,27.07,35.09,29.17
1763918396,27.07,35.03,29.17
1763918407,27.06,35.06,30.0
1763918416,27.07,35.28,30.0
1763918427,27.1,35.31,30.0
1763918437,27.1,35.29,30.0
1763918446,27.09,35.12,30.0
1763918456,27.1,35.24,30.0
1763918466,27.11,35.13,30.0
1763918476,27.11,34.99,30.0
1763918486,27.1,35.28,30.0
1763918497,27.11,35.25,30.0
1763918506,27.13,35.16,30.0
1763918516,27.12,35.23,30.0
1763918528,27.14,35.0,30.0
1763918536,27.15,34.94,30.0
1763918546,27.16,35.05,30.83
1763918557,27.17,35.03,30.0
1763918566,27.17,35.1,30.0
1763918576,27.19,35.1,30.0
1763918587,27.19,34.99,30.0
1763918596,27.18,35.04,45.83
1763918606,27.16,35.07,36.67
1763918617,27.19,35.07,35.0
1763918628,27.2,34.88,33.33
1763918637,27.19,34.9,33.33
1763918647,27.19,34.9,32.5
1763918656,27.17,34.95,32.5
1763918667,27.17,34.96,32.5
1763918677,27.15,34.92,31.67
1763918687,27.13,34.97,21.67
1763918697,27.12,35.09,31.67
1763918707,27.09,36.43,31.67
1763918719,27.07,36.0,32.5
1763919726,27.19,36.58,47.5
1763919727,27.25,37.01,53.33
1763919727,27.29,35.98,50.83
1763919728,27.33,36.52,46.67
1763919728,27.37,36.8,48.33
1763919728,27.32,35.6,43.33
1763919733,27.32,35.7,43.33
1763919734,27.3,35.97,43.33
1763919735,27.32,36.83,45.0
1763919735,27.32,36.49,45.83
1763919736,27.34,36.52,41.67
1763919736,27.34,36.59,45.0
1763919736,27.31,35.7,44.17
1763919737,27.31,35.7,44.17
1763919737,27.31,35.87,43.33
1763919737,27.29,35.57,45.0
1763919737,27.29,35.54,45.0
1763919738,27.28,35.46,45.0
1763919738,27.28,35.95,44.17
1763919738,27.27,35.62,43.33
1763919750,27.26,35.53,44.17
1763921965,27.26,35.39,44.17
1763921965,27.26,36.5,47.5
1763921966,27.3,36.44,50.0
1763921966,27.29,35.89,45.83
1763921967,27.32,36.96,44.17
1763921967,27.31,35.81,43.33
1763921967,27.33,35.26,43.33
1763921967,27.32,35.28,44.17
1763921967,27.33,35.69,48.33
1763921968,27.35,35.87,49.17
1763921968,27.36,35.63,51.67
1763921968,27.34,35.47,50.0
1763921971,27.37,35.52,52.5
1763921972,27.4,36.07,50.0
1763921972,27.38,35.4,44.17
1763921973,27.39,35.68,43.33
1763921973,27.39,35.43,45.0
1763921973,27.42,35.59,47.5
1763921974,27.38,35.26,43.33
1763921974,27.4,35.71,46.67
1763921974,27.39,35.72,45.83
1763921974,27.37,35.45,49.17
1763921974,27.4,36.22,46.67
1763921975,27.4,36.1,43.33
1763921976,27.38,35.59,45.83
1763921976,27.36,35.27,45.0
1763921976,27.4,36.72,43.33
1763921976,27.38,35.61,42.5
1763921977,27.37,35.27,45.0
1763921977,27.36,35.14,43.33
1763921977,27.35,35.45,43.33
1763921978,27.38,35.53,45.83
1763921978,27.41,35.13,45.0
1763921979,27.43,36.56,45.83
1763921980,27.46,36.76,46.67
1763921980,27.47,37.1,45.0
1763921980,27.49,38.07,47.5
1763921981,27.48,35.78,44.17
1763921981,27.47,35.56,44.17
1763921981,27.46,35.79,45.83
1763921982,27.45,36.08,43.33
1763921982,27.48,36.46,45.83
1763921982,27.5,36.49,52.5
1763921982,27.5,36.81,43.33
1763921982,27.47,35.58,55.83
1763921983,27.45,35.36,45.83
1763921983,27.44,35.26,45.83
1763921983,27.42,35.07,43.33
1763921983,27.43,36.02,44.17
1763921983,27.46,35.82,45.83
1763921984,27.47,35.63,43.33
1763921984,27.45,35.53,46.67
1763921984,27.46,35.65,46.67
1763921984,27.48,35.06,47.5
1763921984,27.49,35.42,47.5
1763921985,27.5,35.19,47.5
1763921985,27.47,35.22,45.83
1763921985,27.48,35.52,45.83
1763921985,27.48,35.1,45.83
1763921986,27.5,35.02,45.83
1763921986,27.51,35.09,41.67
1763921986,27.52,35.13,44.17
1763921986,27.5,35.03,45.0
1763921986,27.5,35.21,45.83
1763921987,27.51,35.41,45.83
1763921987,27.54,34.88,37.5
1763921987,27.52,35.19,36.67
1763921987,27.52,35.25,45.83
1763921987,27.55,36.04,45.83
1763921988,27.59,37.5,47.5
1763921988,27.57,35.42,44.17
1763921988,27.6,36.3,43.33
1763921988,27.63,35.42,26.67
1763921988,27.63,35.49,27.5
1763921989,27.6,34.96,26.67
1763921989,27.6,34.91,41.67
1763921989,27.6,34.81,41.67
1763921989,27.57,34.79,40.83
1763921990,27.58,34.86,40.83
1763921991,27.59,34.69,40.83
1763921991,27.59,34.74,40.83
1763921991,27.57,34.77,40.83
1763921992,27.55,34.84,40.0
1763921992,27.57,35.3,40.0
1763921992,27.6,35.24,55.0
1763921993,27.63,35.06,55.83
1763921994,27.67,35.1,52.5
1763921995,27.7,35.29,54.17
1763921996,27.74,36.13,55.0
1763921997,27.72,35.12,55.83
1763921997,27.73,35.39,40.83
1763921997,27.71,35.0,40.83
1763921997,27.68,35.64,40.83
1763921998,27.66,35.31,40.0
1763921998,27.66,34.78,40.0
1763921998,27.66,34.95,40.0
1763921998,27.62,34.73,40.0
1763921999,27.62,35.47,40.83
1763921999,27.61,34.96,40.83
1763921999,27.62,34.74,40.83
1763921999,27.66,34.68,69.17
1763922002,27.64,34.81,23.33
1763922002,27.65,34.52,23.33
1763922002,27.63,34.54,23.33
1763922003,27.62,34.74,23.33
1763922004,27.6,34.65,23.33
1763922004,27.58,34.75,23.33
1763922004,27.58,34.72,23.33
1763922004,27.56,34.75,23.33
1763922005,27.55,34.73,23.33
1763922005,27.53,34.74,23.33
1763922005,27.53,34.75,23.33
1763922005,27.51,34.76,23.33
1763922005,27.51,34.83,23.33
1763922006,27.5,34.86,23.33
1763922006,27.49,34.8,23.33
1763922006,27.49,34.81,23.33
1763922006,27.48,34.88,23.33
1763922006,27.48,34.88,23.33
1763922007,27.46,34.82,23.33
1763922007,27.45,34.83,23.33
1763922007,27.46,34.81,23.33
1763922007,27.47,34.82,23.33
1763922007,27.46,34.82,23.33
1763922008,27.47,34.75,23.33
1763922008,27.45,34.77,23.33
1763922008,27.46,34.82,23.33
1763922008,27.46,34.82,23.33
1763922009,27.46,34.79,23.33
1763922010,27.45,34.85,23.33
1763922011,27.45,34.81,23.33
1763922011,27.46,34.81,23.33
1763922011,27.47,34.81,23.33
1763922012,27.46,34.85,23.33
1763922012,27.46,34.77,23.33
1763922012,27.45,34.91,23.33
1763922012,27.45,34.82,23.33
1763922012,27.47,34.82,23.33
1763922013,27.43,34.87,23.33
1763922013,27.43,35.06,23.33
1763922013,27.41,34.92,23.33
1763922013,27.43,34.87,23.33
1763922013,27.43,34.85,23.33
1763922014,27.44,34.89,30.0
1763922014,27.45,35.04,23.33
1763922014,27.43,34.95,23.33
1763922014,27.41,34.91,23.33
1763922014,27.43,34.85,23.33
1763922015,27.41,35.1,24.17
1763922015,27.4,35.04,23.33
1763922015,27.4,34.99,24.17
1763922015,27.4,34.92,25.83
1763922015,27.4,34.78,16.67
1763922015,27.42,34.91,19.17
1763922016,27.41,35.13,26.67
1763922016,27.4,34.93,18.33
1763922016,27.4,34.95,19.17
1763922016,27.42,34.92,17.5
1763922016,27.41,34.85,18.33
1763922016,27.43,34.88,18.33
1763922017,27.43,34.85,18.33
1763922017,27.42,34.82,18.33
1763922017,27.42,34.86,19.17
1763922017,27.42,34.84,18.33
1763922017,27.41,34.89,20.83
1763922017,27.39,34.93,22.5
1763922018,27.39,34.88,17.5
1763922018,27.38,34.87,17.5
1763922018,27.38,34.9,18.33
1763922018,27.37,34.89,17.5
1763922018,27.38,34.9,25.0
1763922018,27.39,34.7,19.17
1763922019,27.38,34.95,23.33
1763922019,27.36,34.76,24.17
1763922019,27.37,35.21,19.17
1763922019,27.38,35.53,20.83
1763922019,27.41,35.38,20.0
1763922019,27.4,35.08,19.17
1763922020,27.4,35.28,19.17
1763922020,27.42,35.61,19.17
1763922020,27.42,35.05,19.17
1763922020,27.41,35.05,20.0
1763922023,27.4,34.99,19.17
1763922024,27.4,35.01,19.17
1763922026,27.43,34.9,18.33
1763922026,27.42,35.36,17.5
1763922026,27.41,35.3,18.33
1763922028,27.38,36.01,18.33
1763922028,27.39,35.03,17.5
1763922028,27.45,34.79,18.33
1763922028,27.46,34.9,18.33
1763922029,27.47,34.9,22.5
1763922029,27.47,34.92,19.17
1763922029,27.47,34.95,17.5
1763922029,27.46,34.92,17.5
1763922029,27.47,34.71,18.33
1763922030,27.48,34.77,18.33
1763922030,27.49,34.76,19.17
1763922030,27.47,34.8,16.67
1763922030,27.48,34.82,17.5
1763922030,27.48,34.79,17.5
1763922031,27.51,34.72,18.33
1763922031,27.48,35.0,17.5
1763922031,27.5,35.08,20.0
1763922031,27.51,34.97,20.83
1763922031,27.49,34.89,17.5
1763922032,27.48,34.99,23.33
1763922032,27.49,34.86,22.5
1763922032,27.48,35.1,24.17
1763922032,27.46,35.07,21.67
1763922033,27.47,34.92,21.67
1763922033,27.48,35.17,22.5
1763922033,27.48,35.07,25.83
1763922033,27.51,34.96,26.67
1763922033,27.53,35.38,27.5
1763922034,27.61,34.58,26.67
1763922044,27.6,35.37,30.0
1763922056,27.59,35.73,150.0
1763922064,27.61,34.96,179.17
1763922074,27.62,35.77,179.17
1763922086,27.59,35.3,179.17
1763922095,27.62,35.58,189.17
1763922111,27.62,35.24,182.5
1763922120,27.64,35.24,192.5
1763922131,27.67,35.5,182.5
1763922142,27.67,35.27,179.17
1763922152,27.68,35.35,195.0
1763922165,27.72,35.75,202.5
1763922174,27.74,35.39,183.33
1763922184,27.72,35.54,184.17
1763922194,27.74,34.94,183.33
1763922204,27.74,35.01,182.5
1763922214,27.72,35.22,188.33
1763922225,27.72,35.19,202.5
1763922236,27.72,35.09,175.0
1763922248,27.71,34.89,175.83
1763922257,27.7,35.02,176.67
1763922269,27.74,34.63,175.83
1763922280,27.79,34.98,180.0
1763922290,27.79,35.39,175.83
1763922301,27.78,35.05,175.0
1763922310,27.76,34.68,175.0
1763922321,27.76,35.11,175.83
1763922330,27.76,35.49,165.83
1763922340,27.74,34.82,165.83
1763922350,27.73,34.77,165.83
1763922361,27.71,34.7,176.67
1763922370,27.71,34.85,176.67
1763922380,27.71,35.29,170.83
1763922390,27.76,35.51,208.33
1763922401,27.8,35.93,206.67
1763922411,27.78,35.12,175.0
1763922420,27.79,34.99,185.0
1763922431,27.79,34.87,186.67
1763922442,27.79,34.79,191.67
1763922452,27.76,35.02,192.5
1763922462,27.83,35.01,191.67
1763922473,27.81,34.87,191.67
1763922483,27.81,34.89,182.5
1763922493,27.81,35.33,178.33
1763922503,27.82,34.9,179.17
1763922513,27.8,34.9,179.17
1763922525,27.8,34.83,179.17
1763922534,27.82,34.97,209.17
1763922544,27.89,34.98,207.5
1763922554,27.86,34.77,179.17
1763922564,27.84,34.94,171.67
1763922574,27.83,35.17,171.67
1763922584,27.83,34.86,171.67
1763922594,27.8,34.8,168.33
1763922604,27.8,34.76,168.33
1763922614,27.8,35.01,169.17
1763922634,27.8,34.98,166.67
1763922634,27.77,34.69,174.17
1763922647,27.76,34.69,174.17
1763922657,27.78,35.72,178.33
1763922667,27.79,35.22,174.17
1763922692,27.79,34.87,175.0
1763922693,27.8,35.49,170.0
1763922708,27.78,34.85,172.5
1763922709,27.79,34.82,176.67
1763922719,27.78,34.73,176.67
1763922729,27.77,34.81,175.0
1763922739,27.77,34.85,175.0
1763922749,27.75,34.71,175.0
1763922758,27.76,34.62,174.17
