timestamp,temp,hum,lux
1763922770,27.72,34.51,175.0
1763922783,27.71,34.66,175.0
1763922792,27.73,35.02,170.0
1763922801,27.72,34.64,175.0
1763922813,27.75,34.75,310.0
1763922824,27.73,34.69,305.0
1763922833,27.71,34.87,305.83
1763922844,27.73,34.86,305.83
1763922857,27.71,34.71,299.17
1763922865,27.71,34.87,299.17
1763922875,27.72,34.73,299.17
1763922884,27.74,35.08,299.17
1763922894,27.76,35.64,299.17
1763922904,27.76,35.28,301.67
1763922914,27.75,34.89,300.0
1763922924,27.73,34.82,31.67
1763922934,27.77,35.22,310.0
1763922944,27.74,34.85,310.83
1763922954,27.74,34.71,310.0
1763922964,27.72,34.76,310.0
1763922974,27.73,34.69,310.83
1763922984,27.74,34.71,215.0
1763922994,27.75,34.83,224.17
1763923005,27.78,34.98,229.17
1763923016,27.78,34.91,233.33
1763923030,27.82,35.16,233.33
1763923036,27.83,34.88,234.17
1763923048,27.83,34.97,230.0
1763923058,27.85,34.93,241.67
1763923068,27.86,35.13,20.83
1763923079,27.86,34.79,18.33
1763923089,27.87,34.62,20.0
1763923103,27.88,34.6,217.5
1763923111,27.88,34.67,225.0
1763923121,27.89,34.78,225.0
1763923135,27.88,34.73,225.0
1763923142,27.87,34.58,225.0
1763923152,27.89,34.86,45.83
1763923163,27.9,34.66,225.83
1763923172,27.9,34.56,225.83
1763923182,27.9,34.59,236.67
1763923194,27.9,34.68,225.0
1763923204,27.91,34.67,225.0
1763923221,27.9,34.74,225.0
1763923224,27.9,34.74,225.0
1763923224,27.91,34.63,225.0
1763923242,27.91,34.66,225.83
1763923246,27.91,34.66,225.83
1763923255,27.9,34.93,225.0
1763923255,27.91,34.67,225.0
1763923267,27.92,34.75,225.83
1763923276,27.97,35.32,285.83
1763923287,28.0,35.69,271.67
1763923299,28.01,34.91,210.0
1763923310,28.0,34.75,203.33
1763923319,28.0,34.67,203.33
1763923329,27.96,34.72,208.33
1763923339,27.98,34.66,208.33
1763923349,27.98,34.68,208.33
1763923359,27.99,34.64,208.33
1763923369,27.99,34.62,220.0
1763923379,28.0,34.99,212.5
1763923390,28.0,34.66,210.83
1763923399,27.97,34.52,200.83
1763923409,27.96,34.69,200.83
1763923419,27.98,34.63,200.83
1763923429,27.95,34.64,205.83
1763923439,27.94,34.54,205.83
1763923451,27.97,35.15,101.67
1763923460,28.0,34.64,106.67
1763923470,28.01,34.49,224.17
1763923481,28.02,34.5,255.83
1763923491,28.05,34.8,341.67
1763923502,28.04,34.72,293.33
1763923513,28.03,34.49,275.83
1763923524,28.05,34.54,261.67
1763923536,28.07,34.54,313.33
1763923546,28.05,34.46,251.67
1763923557,28.07,34.61,217.5
1763923568,28.07,34.37,207.5
1763923579,28.06,34.55,209.17
1763923587,28.07,34.67,51.67
1763923597,28.05,38.33,365.0
1763923607,28.05,35.22,363.33
1763923617,28.0,34.96,229.17
1763923627,28.02,35.24,254.17
1763923637,28.0,34.85,239.17
1763923647,28.0,35.31,235.0
1763923657,27.93,34.8,228.33
1763923667,27.92,34.9,226.67
1763923678,27.94,35.24,226.67
1763923689,27.9,34.63,225.83
1763923699,27.91,34.85,224.17
1763923710,27.89,34.74,221.67
1763923720,27.92,35.05,211.67
1763923729,27.95,35.09,221.67
1763923742,27.93,34.87,222.5
1763923751,27.91,34.84,220.83
1763923762,27.94,34.9,221.67
1763923772,27.93,34.73,219.17
1763923784,27.94,34.84,206.67
1763923793,27.96,35.0,216.67
1763923803,27.9,34.7,216.67
1763923814,27.89,34.53,205.83
1763923824,27.96,35.46,219.17
1763923837,27.98,35.22,204.17
1763923844,28.02,35.39,213.33
1763923854,27.99,34.89,224.17
1763923864,27.94,34.8,226.67
1763923875,27.96,34.8,217.5
1763923885,28.0,35.15,215.0
1763923895,28.04,34.82,215.0
1763923905,28.02,34.78,214.17
1763923916,28.05,35.01,224.17
1763923926,28.06,34.64,218.33
1763923936,28.06,34.89,214.17
1763923946,28.1,34.73,220.0
1763923956,28.12,34.82,210.0
1763923966,28.14,35.07,215.83
1763923976,28.08,34.6,220.83
1763923986,28.03,34.5,221.67
1763923996,28.1,34.68,220.83
1763924006,28.09,34.55,224.17
1763924016,28.1,34.65,209.17
1763924026,28.13,34.68,209.17
1763924036,28.1,34.62,220.83
1763924050,28.06,34.54,219.17
1763924060,28.09,34.81,215.0
1763924068,28.1,34.81,209.17
1763924078,28.14,34.59,208.33
1763924089,28.1,34.47,204.17
1763924101,28.15,37.08,107.5
1763924111,28.14,34.56,203.33
1763924122,28.15,34.36,203.33
1763924132,28.18,34.16,203.33
1763924143,28.2,34.19,203.33
1763924154,28.2,34.17,203.33
1763924164,28.17,34.34,203.33
1763924175,28.17,34.28,204.17
1763924186,28.18,34.4,196.67
1763924196,28.18,34.32,196.67
1763924206,28.17,34.24,197.5
1763924217,28.19,34.48,196.67
1763924229,28.19,34.6,196.67
1763924238,28.15,34.35,196.67
1763924250,28.17,34.28,203.33
1763924260,28.18,34.68,202.5
1763924271,28.21,34.49,203.33
1763924280,28.18,34.33,202.5
1763924291,28.18,34.28,203.33
1763924305,28.13,34.57,201.67
1763924313,28.13,34.45,196.67
1763924323,28.18,34.33,200.83
1763924334,28.18,34.35,204.17
1763924345,28.19,34.23,204.17
1763924355,28.2,34.18,204.17
1763924441,28.2,34.28,198.33
1763924441,28.2,34.57,202.5
1763924444,28.22,34.3,202.5
1763924444,28.24,34.09,196.67
1763924445,28.26,33.99,196.67
1763924445,28.22,34.18,203.33
1763924445,28.23,34.16,196.67
1763924445,28.25,34.13,196.67
1763924446,28.27,34.02,202.5
1763924457,28.29,34.02,196.67
1763924466,28.24,34.11,202.5
1763924476,28.23,34.26,202.5
1763924486,28.22,34.54,202.5
1763924496,28.21,34.71,197.5
1763924855,28.22,34.52,197.5
1763924855,28.21,34.47,196.67
1763924855,28.21,34.32,196.67
1763924856,28.23,34.21,195.83
1763924856,28.23,34.24,195.0
1763924856,28.24,34.15,195.0
1763924856,28.23,34.02,197.5
1763924857,28.21,34.67,195.0
1763924857,28.22,34.58,195.0
1763924857,28.22,34.32,205.83
1763924857,28.21,34.55,195.83
1763924857,28.24,34.29,193.33
1763924858,28.23,34.15,196.67
1763924858,28.25,34.16,196.67
1763924858,28.26,34.03,196.67
1763924858,28.26,34.32,25.0
1763924862,28.25,34.29,193.33
1763924863,28.21,34.49,193.33
1763924864,28.21,34.54,193.33
1763924865,28.19,34.36,194.17
1763924865,28.14,34.37,193.33
1763924867,28.13,34.42,193.33
1763924867,28.1,34.47,191.67
1763924867,28.08,34.52,192.5
1763924867,28.08,34.45,193.33
1763924867,28.08,34.74,192.5
1763924868,28.03,34.53,193.33
1763924868,28.05,34.56,192.5
1763924868,28.07,34.48,192.5
1763924868,28.06,34.41,192.5
1763924868,28.06,34.31,193.33
1763924870,28.08,34.36,193.33
1763924870,28.05,34.53,193.33
1763924870,28.03,34.67,193.33
1763924870,27.99,34.45,193.33
1763924881,28.01,34.72,193.33
1763924890,27.99,34.51,193.33
1763924900,28.01,34.42,193.33
1763924910,28.02,34.54,193.33
1763924921,28.04,34.41,194.17
1763924932,28.03,34.62,195.83
1763924973,28.02,34.51,194.17
1763924975,28.02,34.68,192.5
1763924975,28.0,34.65,192.5
1763924977,27.98,34.74,192.5
1763924986,28.0,34.64,191.67
1763924994,27.98,34.65,192.5
1763925004,27.97,34.87,193.33
1763925016,27.99,34.97,29.17
1763925025,27.97,34.76,20.0
1763925036,27.94,34.59,190.83
1763925047,27.94,34.69,190.83
1763925057,27.93,34.55,190.83
1763925068,27.96,34.49,191.67
1763925078,27.96,34.61,187.5
1763925091,27.96,34.75,189.17
1763925100,27.98,34.5,190.0
1763925110,27.98,34.58,190.83
1763925121,27.95,34.78,23.33
1763925131,27.96,34.75,190.0
1763925142,27.96,34.46,190.0
1763925153,27.95,34.58,190.0
1763925162,27.96,34.58,190.0
1763925173,27.95,34.44,190.0
1763925184,27.94,34.58,93.33
1763925196,27.94,34.58,185.0
1763925206,27.92,34.87,182.5
1763925215,27.92,34.68,182.5
1763925226,27.9,34.72,183.33
1763925238,27.89,34.67,183.33
1763925246,27.91,34.82,21.67
1763925272,27.89,34.67,182.5
1763925272,27.89,34.7,180.83
1763925278,27.88,34.67,180.83
1763925289,27.87,34.7,182.5
1763925300,27.86,34.72,180.83
1763925311,27.85,34.71,180.83
1763925321,27.88,34.73,180.83
1763925332,27.87,34.69,180.83
1763925342,27.89,34.64,182.5
1763925354,27.88,34.79,181.67
1763925364,27.88,34.87,184.17
1763925377,27.89,34.89,179.17
1763925385,27.9,34.76,181.67
1763925396,27.91,34.63,181.67
1763925407,27.9,34.6,182.5
1763925417,27.89,34.69,182.5
1763925427,27.89,34.57,182.5
1763925439,27.88,34.62,182.5
1763925481,27.88,34.68,181.67
1763925482,27.87,34.75,180.83
1763925482,27.88,34.6,181.67
1763925482,27.87,34.64,181.67
1763925492,27.85,34.61,181.67
1763925503,27.83,34.67,180.83
1763925513,27.85,34.73,181.67
1763925523,27.83,34.78,180.83
1763925534,27.84,35.09,181.67
1763925543,27.84,34.74,181.67
1763925554,27.82,34.72,181.67
1763925566,27.84,34.72,181.67
1763925575,27.82,34.73,180.83
1763925586,27.79,34.84,181.67
1763925595,27.83,35.01,182.5
1763925619,27.8,34.76,180.83
1763925620,27.82,34.87,180.0
1763925625,27.82,34.83,180.83
1763925635,27.83,34.81,179.17
1763925645,27.83,34.8,179.17
1763925655,27.81,34.68,180.0
1763925665,27.8,34.72,180.0
1763925675,27.77,34.76,180.0
1763925685,27.76,34.75,180.83
1763925695,27.79,35.02,30.83
1763925706,27.78,34.95,182.5
1763925715,27.81,35.05,182.5
1763925725,27.8,35.02,182.5
1763925739,27.8,34.9,181.67
1763925746,27.79,34.75,181.67
1763925756,27.81,34.76,181.67
1763925767,27.79,34.76,181.67
1763925778,27.76,34.67,181.67
1763925788,27.74,34.77,181.67
1763925800,27.77,34.83,180.83
1763925809,27.81,34.93,217.5
1763925820,27.81,35.23,187.5
1763925830,27.84,34.91,187.5
1763925842,27.86,34.7,220.0
1763925853,27.87,34.88,211.67
1763925864,27.88,34.78,211.67
1763925874,27.86,34.55,210.83
1763925885,27.9,34.69,217.5
1763925895,27.88,34.71,212.5
1763925908,27.9,34.71,221.67
1763925917,27.91,34.58,223.33
1763925925,27.93,34.54,219.17
1763925935,27.94,34.71,218.33
1763925945,27.96,34.78,200.83
1763925955,27.95,34.74,475.83
1763925965,27.98,34.14,475.83
1763925975,27.97,34.01,475.83
1763925985,27.96,34.04,476.67
1763925995,27.97,33.98,475.83
1763926005,27.97,33.97,475.83
1763926015,27.97,33.98,475.83
1763926025,27.98,33.99,474.17
1763926035,27.98,34.01,474.17
1763926047,27.99,33.97,474.17
1763926057,27.98,33.98,474.17
1763926069,27.98,33.98,476.67
1763926079,27.99,33.93,477.5
1763926089,27.99,33.99,475.83
1763926100,27.99,34.04,474.17
1763926112,28.0,34.07,476.67
1763926122,28.0,34.14,470.0
1763926132,28.01,34.11,475.0
1763926143,28.0,34.46,475.0
1763926153,28.0,34.08,475.0
1763926162,28.01,33.98,476.67
1763926172,28.01,34.08,476.67
1763926182,28.01,34.07,475.83
1763926192,28.01,34.12,475.83
1763926202,28.01,34.05,475.83
1763926226,28.01,34.21,475.0
1763926226,28.01,34.07,476.67
1763926234,27.99,34.21,475.0
1763926242,28.01,34.08,475.83
1763926252,28.01,34.03,475.83
1763926262,28.0,34.26,476.67
1763926272,28.02,34.07,475.83
1763926284,28.03,34.43,476.67
1763926295,28.02,34.12,476.67
1763926305,28.02,33.95,477.5
1763926316,28.0,33.95,477.5
1763926326,28.01,33.98,473.33
1763926335,28.0,34.08,472.5
1763926345,28.01,34.1,474.17
1763926356,28.01,33.98,476.67
1763926365,28.0,34.04,475.83
1763926378,28.01,34.03,475.83
1763926386,28.02,34.14,475.83
1763926395,28.03,34.11,475.83
1763926406,28.03,34.26,475.83
1763926416,28.03,34.36,475.83
1763926428,28.02,34.07,475.83
1763926439,28.03,34.05,475.83
1763926450,28.02,34.18,475.83
1763926461,28.04,33.98,475.83
1763926470,28.02,34.08,475.83
1763926490,28.01,34.55,476.67
1763926492,28.01,34.55,476.67
1763926492,28.03,34.2,475.0
1763926503,28.05,34.16,475.0
1763926513,28.05,34.1,473.33
1763926525,28.05,34.02,474.17
1763926535,28.05,33.96,474.17
1763926601,28.06,34.03,473.33
1763926601,28.07,34.41,474.17
1763926602,28.06,34.08,473.33
1763926602,28.05,34.03,474.17
1763926603,28.05,34.0,473.33
1763926603,28.05,34.08,473.33
1763926608,28.05,34.11,475.0
1763926619,28.06,34.09,475.0
1763926630,28.07,33.97,474.17
1763926643,28.06,33.98,474.17
1763926651,28.06,34.0,474.17
1763926661,28.06,34.3,474.17
1763926672,28.05,34.06,475.0
1763926683,28.06,34.0,475.0
1763926692,28.07,34.02,475.0
1763926704,28.07,34.11,475.0
1763926726,28.08,34.26,474.17
1763926726,28.07,34.09,475.0
1763926734,28.08,34.1,475.0
1763926744,28.07,34.01,474.17
1763926754,28.08,34.02,475.0
1763926764,28.08,34.06,474.17
1763926775,28.08,33.95,474.17
1763926785,28.08,33.97,475.0
1763926795,28.08,33.94,475.83
1763926805,28.09,34.0,475.83
1763926815,28.08,33.96,476.67
1763926825,28.07,33.96,472.5
1763926835,28.09,33.99,473.33
1763926845,28.08,33.91,474.17
1763926855,28.08,33.95,475.83
1763926865,28.07,34.01,474.17
1763926875,28.06,34.01,475.0
1763926886,28.05,33.98,475.0
1763926895,28.03,33.97,475.83
1763926908,28.02,34.25,475.83
1763926915,28.03,34.06,476.67
1763926925,28.04,33.97,476.67
1763926936,28.05,33.95,481.67
1763926947,28.04,34.03,480.0
1763926956,28.05,33.94,480.83
1763926968,28.06,33.95,480.83
1763926993,28.05,33.98,480.0
1763926994,28.06,33.97,481.67
1763927001,28.07,34.01,482.5
1763927010,28.06,33.97,481.67
1763927021,28.07,33.92,480.83
1763927032,28.08,33.9,483.33
1763927044,28.09,33.93,482.5
1763927053,28.06,34.1,481.67
1763927061,28.08,34.08,480.83
1763927076,28.06,33.95,480.0
1763927084,28.06,33.95,480.0
1763927084,28.08,33.87,480.83
1763927093,28.06,33.9,480.83
1763927102,28.07,33.95,482.5
1763927113,28.07,33.85,482.5
1763927122,28.09,33.91,481.67
1763927132,28.09,33.91,481.67
1763927144,28.1,33.93,481.67
1763927152,28.1,33.94,481.67
1763927162,28.11,33.95,482.5
1763927174,28.11,33.91,482.5
1763927182,28.11,33.88,481.67
1763927192,28.11,33.86,482.5
1763927202,28.1,33.86,482.5
1763927212,28.1,33.85,481.67
1763927223,28.1,33.87,480.0
1763927235,28.12,33.91,480.0
1763927245,28.11,33.79,479.17
1763927254,28.11,33.84,35.0
1763927264,28.11,33.73,35.0
1763927275,28.12,33.75,35.0
1763927285,28.11,33.92,35.0
1763927294,28.1,33.83,35.0
1763927304,28.11,33.72,35.0
1763927315,28.12,33.62,35.0
1763927325,28.13,33.71,35.0
1763927335,28.13,33.68,35.0
1763927345,28.14,33.7,35.0
1763927355,28.13,33.69,35.0
1763927365,28.13,33.64,35.0
1763927375,28.14,33.56,35.0
1763927385,28.11,33.96,35.0
1763927396,28.04,34.18,35.0
1763927438,27.98,34.0,32.5
1763927438,27.88,33.95,32.5
1763927438,27.81,33.86,32.5
1763927438,27.79,33.76,33.33
1763927446,27.78,33.78,33.33
1763927456,27.81,33.35,33.33
1763927466,27.77,33.21,32.5
1763927476,27.74,33.17,33.33
1763927487,27.65,32.92,30.0
1763927498,27.64,33.71,29.17
1763927561,27.65,32.94,30.0
1763927561,27.6,32.82,30.0
1763927561,27.61,32.81,30.0
1763927561,27.57,32.79,29.17
1763927562,27.55,33.37,29.17
1763927562,27.56,32.75,29.17
1763927570,27.54,32.75,29.17
1763927590,27.51,32.9,29.17
1763927590,27.55,32.89,29.17
1763927600,27.55,32.72,28.33
1763927610,27.54,32.64,28.33
1763927620,27.53,32.56,27.5
1763927640,27.53,32.74,28.33
1763927641,27.56,32.54,28.33
1763927650,27.58,32.44,28.33
1763927660,27.55,32.44,28.33
1763927670,27.51,32.95,28.33
1763928053,27.46,32.51,28.33
1763928053,27.43,32.78,29.17
1763928053,27.37,32.54,29.17
1763928053,27.38,32.5,28.33
1763928053,27.36,32.42,28.33
1763928054,27.35,32.81,28.33
1763928057,27.34,32.44,28.33
1763928057,27.34,32.43,28.33
1763928057,27.27,32.33,28.33
1763928057,27.24,32.35,28.33
1763928057,27.21,32.38,28.33
1763928058,27.2,32.34,28.33
1763928058,27.13,32.34,28.33
1763928058,27.15,32.36,28.33
1763928058,27.13,32.35,28.33
1763928058,27.14,32.34,27.5
1763928059,27.17,32.57,27.5
1763928059,27.16,32.43,27.5
1763928059,27.1,32.45,27.5
1763928059,27.1,32.44,27.5
1763928059,27.09,32.41,27.5
1763928060,27.04,32.38,27.5
1763928060,27.07,32.42,27.5
1763928060,27.05,32.38,30.0
1763928060,27.02,32.44,30.0
1763928060,27.01,32.44,30.0
1763928061,27.04,32.47,30.0
1763928061,27.03,32.51,30.0
1763928061,27.06,32.37,30.0
1763928061,27.12,32.37,30.0
1763928061,27.05,32.26,30.0
1763928062,27.0,32.39,30.0
1763928062,26.95,32.32,30.0
1763928062,27.02,32.3,30.0
1763928062,27.02,32.31,30.83
1763928062,26.98,32.25,30.0
1763928063,26.99,32.33,30.0
1763928063,26.93,32.28,30.0
1763928073,26.93,32.73,30.83
1763928083,26.94,32.41,30.83
1763928093,26.94,33.24,30.0
1763928103,26.98,32.44,30.0
1763928113,26.93,32.25,30.0
1763928123,26.91,32.32,30.0
1763928195,26.89,32.18,30.0
1763928195,26.86,32.37,30.0
1763928197,26.87,32.38,30.0
1763928197,26.9,32.33,30.0
1763928198,26.9,32.33,30.0
1763928199,26.89,32.3,30.0
1763928200,26.88,32.34,30.0
1763928206,26.86,32.29,28.33
1763928217,26.89,32.41,30.0
1763928228,26.82,32.56,30.0
1763928238,26.82,32.44,30.0
1763928248,26.8,32.38,30.0
1763928258,26.79,32.45,30.0
1763928268,26.83,32.68,30.0
1763928279,26.79,32.52,30.0
1763928289,26.78,32.42,30.0
1763928299,26.76,32.59,30.0
1763928309,26.75,32.35,30.0
1763928322,26.75,32.43,30.0
1763928329,26.73,32.41,31.67
1763928340,26.73,32.58,30.0
1763928349,26.7,32.43,31.67
1763928359,26.69,32.37,30.83
1763928390,26.67,32.41,29.17
1763928390,26.66,32.39,29.17
1763928390,26.65,32.31,30.83
1763928400,26.62,32.57,33.33
1763928411,26.61,32.41,33.33
1763928422,26.6,32.25,33.33
1763928433,26.55,32.42,33.33
1763928443,26.54,32.45,33.33
1763928454,26.54,32.38,33.33
1763928465,26.5,32.33,33.33
1763928474,26.52,32.38,33.33
1763928485,26.57,32.35,33.33
1763928495,26.52,32.36,33.33
1763928505,26.58,32.66,33.33
1763928515,26.61,32.42,33.33
1763928525,26.59,32.42,33.33
1763928535,26.6,32.39,33.33
1763928545,26.63,32.4,33.33
1763928556,26.67,32.49,33.33
1763928566,26.63,32.35,33.33
1763928577,26.65,32.32,33.33
1763928588,26.65,32.37,30.83
1763928597,26.64,32.67,33.33
1763928724,26.67,32.53,33.33
1763928725,26.65,32.35,33.33
1763928726,26.68,32.03,33.33
1763928726,26.64,32.23,33.33
1763928726,26.65,32.25,33.33
1763928727,26.65,32.17,33.33
1763928727,26.6,32.42,33.33
1763928727,26.62,32.13,33.33
1763928727,26.6,32.1,33.33
1763928727,26.64,32.52,33.33
1763928728,26.64,32.28,33.33
1763928728,26.64,32.23,33.33
1763928730,26.63,32.14,33.33
1763928740,26.65,32.09,31.67
1763928750,26.64,32.09,31.67
1763928760,26.6,32.11,31.67
1763928770,26.57,32.07,31.67
1763928782,26.58,32.05,31.67
1763928793,26.61,31.97,31.67
1763928803,26.64,32.35,31.67
1763928814,26.58,32.7,31.67
1763928824,26.6,32.17,31.67
1763928834,26.54,32.14,31.67
1763928844,26.55,32.57,33.33
1763928854,26.62,32.08,31.67
1763928864,26.64,31.94,31.67
1763928877,26.63,32.53,31.67
1763928884,26.62,32.01,31.67
1763928894,26.62,31.97,31.67
1763928904,26.58,31.98,31.67
1763928914,26.56,31.92,31.67
1763928924,26.58,31.93,31.67
1763928934,26.62,32.84,31.67
1763928944,26.57,32.03,30.0
1763928954,26.62,32.03,31.67
1763928964,26.62,32.32,31.67
1763928974,26.63,32.32,31.67
1763928984,26.63,31.94,31.67
1763928994,26.6,31.85,31.67
1763929004,26.54,31.84,31.67
1763929014,26.57,31.81,31.67
1763929024,26.62,31.81,31.67
1763929034,26.63,31.78,31.67
1763929044,26.64,31.7,31.67
1763929054,26.64,31.74,31.67
1763929064,26.65,32.03,31.67
1763929076,26.65,31.74,31.67
1763929086,26.66,31.89,31.67
1763929097,26.67,31.79,31.67
1763929108,26.7,31.67,31.67
1763929118,26.7,31.62,31.67
1763929129,26.69,32.09,31.67
1763929139,26.73,31.69,31.67
1763929150,26.75,31.74,31.67
1763929160,26.7,31.69,31.67
1763929171,26.73,31.56,31.67
1763929180,26.78,32.01,31.67
1763929192,26.77,31.68,31.67
1763929201,26.77,31.55,31.67
1763929212,26.71,31.66,30.0
1763929222,26.7,31.84,30.0
1763929233,26.7,31.57,30.0
1763929246,26.72,31.48,30.0
1763929254,26.76,31.44,30.0
1763929264,26.77,31.46,30.0
1763929274,26.75,31.47,30.0
1763929284,26.78,31.39,30.0
1763929294,26.8,31.41,30.0
1763929304,26.8,31.5,30.0
1763929314,26.82,31.41,30.0
1763929324,26.83,31.34,30.0
1763929334,26.77,31.54,30.0
1763929344,26.79,31.74,30.0
1763929354,26.73,32.02,30.0
1763929364,26.72,31.74,30.0
1763929374,26.73,31.61,30.0
1763929387,26.69,31.64,30.0
1763929397,26.7,31.73,30.0
1763929406,26.71,31.69,30.0
1763929418,26.65,31.88,30.0
1763929429,26.69,31.5,30.0
1763929438,26.68,32.29,30.83
1764007118,26.9,43.3,35
1764007119,26.9,41.4,39
1764007119,27.0,42.2,32
1764007119,27.1,41.3,41
1764007119,27.1,40.8,35
1764007178,27.1,40.9,35
1764007238,27.2,41.7,32
1764007299,27.3,43.0,35
1764007358,27.4,41.1,41
1764007418,27.4,40.5,40
1764007478,27.4,40.9,40
1764007538,27.4,40.1,40
1764007599,27.4,40.2,40
1764007658,27.5,42.4,40
1764007718,27.5,40.5,40
1764007779,27.5,39.9,40
1764007838,27.5,39.6,40
1764007898,27.5,39.5,40
1764007958,27.5,39.4,40
1764008018,27.5,40.2,31
1764008078,27.6,41.1,40
1764008141,27.7,41.1,40
1764008202,27.7,40.2,40
1764008258,27.7,39.8,39
1764008318,27.8,43.4,35
1764008378,27.7,39.9,36
1764008438,27.8,39.4,32
1764008498,27.8,39.5,39
1764008559,27.8,40.2,39
1764008618,27.9,40.6,36
1764008678,27.8,40.4,39
1764008739,27.8,40.7,29
1764008799,27.8,40.5,38
1764008858,27.8,40.9,38
1764008919,27.8,39.4,40
1764008978,27.7,39.1,40
1764009038,27.8,39.5,38
1764009098,27.8,39.3,40
1764009158,27.7,39.1,40
1764009222,27.6,39.1,39
1764009279,27.6,39.1,39
1764009339,27.6,41.4,38
1764009401,27.7,42.0,36
1764009459,27.8,40.1,36
1764009521,27.8,43.3,35
1764009580,27.9,39.5,30
1764009638,27.8,38.9,30
1764009699,27.9,39.0,29
1764009758,27.9,38.9,20
1764009818,27.9,39.3,32
1764009878,27.9,39.2,30
1764009939,28.0,38.8,40
1764009998,28.0,38.7,39
1764010058,28.1,38.6,40
1764010118,28.1,38.4,40
1764010179,28.1,38.5,40
1764010238,28.1,38.4,41
1764010299,28.1,38.5,48
1764010358,28.0,39.2,48
1764010418,28.1,39.1,48
1764010718,28.1,38.5,35
1764010719,28.1,39.1,40
1764010719,28.0,38.6,44
1764010719,28.0,38.3,44
1764010719,28.0,38.4,48
1764010778,28.0,38.8,42
1764010838,27.9,38.7,42
1764010899,27.9,38.5,42
1764010958,27.8,38.5,42
1764011019,27.8,38.5,42
1764011079,27.8,38.5,42
1764011138,27.8,38.6,45
1764011198,27.8,38.7,42
1764011258,27.8,38.5,42
1764011318,27.7,38.5,42
1764011378,27.7,38.6,42
1764011438,27.7,38.6,42
1764011498,27.7,38.9,42
1764011558,27.7,38.6,45
1764011618,27.7,38.6,44
1764012218,27.8,38.8,40
1764012218,27.8,39.5,34
1764012219,27.8,38.8,44
1764012219,27.9,39.5,44
1764012219,27.9,39.1,35
1764012278,27.9,38.5,44
1764012279,27.8,38.4,44
1764012279,27.8,38.3,44
1764012279,27.8,38.4,37
1764012279,27.8,38.7,44
1764012338,27.9,39.4,42
1764012338,28.0,38.8,43
1764012701,28.1,38.5,44
1764012701,27.9,38.3,44
1764012702,27.8,38.3,44
1764012702,27.7,38.4,44
1764012702,27.7,38.6,37
1764012758,27.7,38.6,43
1764012758,27.7,38.5,40
1764012818,27.6,38.5,40
1764012878,27.6,38.7,43
