timestamp,temp,hum,lux
1764012938,27.7,38.8,36
1764012998,27.7,38.6,37
1764013058,25.0,40.8,37
1764013118,26.3,39.2,41
1764013178,28.1,37.5,39
1764013238,26.8,41.3,35
1764013298,25.9,42.0,38
1764013358,27.2,36.9,40
1764013418,29.0,34.7,42
1764013478,24.5,43.2,33
1764013538,26.0,40.1,36
1764013598,28.4,35.8,45
1764013658,27.1,39.7,37
1764013718,25.6,41.9,34
1764013778,26.9,38.3,39
1764013838,28.7,36.4,43
1764013898,24.8,42.5,32
1764013958,27.3,40.0,38
1764014018,26.2,41.1,36
1764014078,29.3,33.9,47
1764014138,25.3,42.7,35
1764014198,27.9,37.2,41
1764014258,26.5,40.5,37
1764014318,28.0,36.0,44
1764014378,25.1,43.0,33
1764014438,27.6,38.9,40
1764014498,26.7,39.8,38
1764014558,28.2,35.3,46
1764014618,24.9,42.2,34
1764014678,27.0,40.4,39
1764014738,26.4,41.6,36
1764014798,28.8,34.5,48
1764014858,25.4,42.8,35
1764014918,27.5,39.0,41
1764014978,26.6,40.2,37
1764015038,28.5,35.7,45
1764015098,25.2,43.1,33
1764015158,27.4,39.5,40
1764015218,26.1,41.0,38
1764015278,28.9,34.1,49
1764015338,24.7,42.6,32
1764015398,27.8,38.7,42
1764015458,26.0,41.4,36
1764015518,28.3,36.2,44
1764015578,25.5,42.9,34
1764015638,27.2,40.3,39
1764015698,26.3,40.7,37
1764015758,28.6,35.0,47
1764015818,24.6,43.3,31
1764015878,27.1,39.9,40
1764015938,26.5,40.9,38
1764015998,28.4,35.5,46
1764016058,25.0,42.4,33
1764016118,27.3,39.4,41
1764016178,26.2,41.2,37
1764016238,28.1,36.6,43
1764016298,25.7,42.1,35
1764016358,27.0,40.0,39
1764016418,26.8,39.3,40
1764016478,28.7,34.8,48
1764016538,24.4,43.5,30
1764016598,27.6,38.5,42
1764016658,26.1,41.7,36
1764016718,28.2,35.9,45
1764016778,25.3,42.3,34
1764016838,27.5,39.6,41
1764016898,26.4,40.8,38
1764016958,28.9,34.3,49
1764017018,24.8,43.0,32
1764017078,27.4,39.1,40
1764017138,26.7,40.0,37
1764017198,28.5,35.4,46
1764017258,25.1,42.7,33
1764017318,27.2,40.5,39
1764017378,26.6,40.2,38
1764017438,28.8,34.6,47
1764017498,24.9,43.2,31
1764017558,27.1,39.8,40
1764017618,26.3,41.0,36
1764017678,28.3,36.1,44
1764017738,25.6,42.0,35
1764017798,27.0,40.1,39
1764017858,26.9,39.0,41
1764017918,28.6,35.2,48
1764017978,24.5,43.4,30
1764018038,27.8,38.9,42
1764018098,26.2,41.5,37
1764018158,28.0,36.7,43
1764018218,25.4,42.5,34
1764018278,27.3,39.7,40
1764018338,26.5,40.6,38
1764018398,28.4,35.8,46
1764018458,25.0,43.1,32
1764018518,27.7,38.4,41
1764018578,26.0,41.8,36
1764018638,28.1,36.3,44
1764018698,25.8,41.9,35
1764018758,27.2,40.2,39
1764018818,26.8,39.5,40
1764018878,28.7,34.9,47
1764018938,24.6,43.6,31
1764018998,27.6,38.6,42
1764019058,26.1,41.3,37
1764019118,28.2,36.0,45
1764019178,25.2,42.8,33
1764019238,27.4,39.9,41
1764019298,26.4,40.4,38
1764019358,28.5,35.6,46
1764019418,24.7,43.0,32
1764019478,27.5,39.2,40
1764019538,26.7,40.1,37
1764019598,28.9,34.4,49
1764019658,25.3,42.2,34
1764019718,27.1,40.7,39
1764019778,26.6,39.9,38
1764019838,28.8,35.1,48
1764019898,24.8,43.3,30
1764019958,27.0,39.6,40
1764020018,26.3,41.1,36
1764020078,28.3,36.5,44
1764020138,25.5,42.4,35
1764020198,27.2,40.3,39
1764020258,26.9,39.3,41
1764020318,28.6,35.3,47
1764020378,24.4,43.7,29
1764020438,27.8,38.7,42
1764020498,26.2,41.6,37
1764020558,28.0,36.8,43
1764020618,25.1,42.9,33
1764020678,27.3,39.8,40
1764020738,26.5,40.5,38
1764020798,28.4,35.9,46
1764020858,25.0,43.2,32
1764020918,27.7,38.3,41
1764020978,26.0,41.9,36
1764021038,28.1,36.4,44
1764021098,25.9,41.8,35
1764021158,27.2,40.1,39
1764021218,26.8,39.4,40
1764021278,28.7,35.0,48
1764021338,24.5,43.8,29
1764021398,27.6,38.5,42
1764021458,26.1,41.4,37
1764021518,28.2,36.2,45
1764021578,25.2,42.7,34
1764021638,27.4,40.0,41
1764021698,26.4,40.3,38
1764021758,28.5,35.7,46
1764021818,24.7,43.1,31
1764021878,27.5,39.5,40
1764021938,26.7,40.2,37
1764021998,28.9,34.5,49
1764022058,25.3,42.3,34
1764022118,27.1,40.8,39
1764022178,26.6,39.8,38
1764022238,28.8,35.2,48
1764022298,24.8,43.4,30
1764022358,27.0,39.7,40
1764022418,26.3,41.2,36
1764022478,28.3,36.6,44
1764022538,25.5,42.5,35
1764022598,27.2,40.4,39
1764022658,26.9,39.2,41
1764022718,28.6,35.4,47
1764022778,24.4,43.9,28
1764022838,27.8,38.6,42
1764022898,26.2,41.7,37
1764022958,28.0,36.9,43
1764023018,25.1,43.0,33
1764023078,27.3,39.9,40
1764023138,26.5,40.7,38
1764023198,28.4,36.0,46
1764013289,27.9,38.4,42
1764013349,28.0,38.1,39
1764013410,28.0,39.5,31
1764013468,27.9,38.9,45
1764013528,28.0,38.3,40
1764013589,28.0,38.2,37
1764013648,28.1,37.8,45
1764013709,28.2,38.0,36
1764013769,28.1,38.2,9
1764013829,28.1,38.3,38
1764013889,28.1,38.0,43
1764013948,28.1,38.1,43
1764014008,28.1,38.0,47
1764014069,28.2,37.6,46
1764014129,28.1,37.6,46
1764014189,28.0,37.7,46
1764014250,28.0,38.3,46
1764014309,28.0,39.8,45
1764014369,28.0,38.5,45
1764014429,28.0,38.3,45
1764014489,28.1,37.9,43
1764014550,28.1,37.7,44
1764014610,28.1,37.9,42
1764014668,28.2,37.6,43
1764014729,28.2,40.6,35
1764014788,28.2,37.9,43
1764014849,28.2,37.6,42
1764014909,28.1,38.4,42
1764014969,28.1,37.7,42
1764015029,28.0,37.5,43
1764015089,28.0,37.6,40
1764015148,28.0,37.6,40
1764015210,27.9,37.3,40
